15955450428745494528012527608200385204
15816620417011263555200282281784572708
16521306455774113063956192597646719741
8063843127772637448668874040735783869
15644895533755783162000507721108475478
2668459308408716930253074526130289700
15549744187086068583791814428439645018
7447544066345122851175198294713727413
3938765435567123009031028898421735856
16540603620970476583326733656987076237
17314597822335067539968060435654926347
16521306455774113063956192597646719741
18703014508990576481062868302204496794
16715811441069987948864957149275465047
3199853266926455698340511145833630525
5705824290067799905240270992084834879
3199853266926455698340511145833630525
16521306455774113063956192597646719741
2668459308408716930253074526130289700
15549744187086068583791814428439645018
3199853266926455698340511145833630525
16521306455774113063956192597646719741
8063843127772637448668874040735783869
2668459308408716930253074526130289700
15644895533755783162000507721108475478
15644895533755783162000507721108475478
3199853266926455698340511145833630525
2020376476239194356235838279899766130
16521306455774113063956192597646719741
13307832755402070380691831330307733096
15549744187086068583791814428439645018
2668459308408716930253074526130289700
8063843127772637448668874040735783869
3199853266926455698340511145833630525
9207899566284988811673643918846717712
15816620417011263555200282281784572708
15549744187086068583791814428439645018
9207899566284988811673643918846717712
3199853266926455698340511145833630525
3234175763600594124485971057008691116
19648320652128295245320597812775266691
2668459308408716930253074526130289700
15644895533755783162000507721108475478
9207899566284988811673643918846717712
7447544066345122851175198294713727413
9291388769352491674974730697000204735
7447544066345122851175198294713727413
18703014508990576481062868302204496794
7447544066345122851175198294713727413
2668459308408716930253074526130289700
15644895533755783162000507721108475478
7447544066345122851175198294713727413
2804858091501122320100127796804333188
3199853266926455698340511145833630525
15549744187086068583791814428439645018
5705824290067799905240270992084834879
16521306455774113063956192597646719741
11679060528359728250909511730750150958
13307832755402070380691831330307733096
3199853266926455698340511145833630525
8063843127772637448668874040735783869
2668459308408716930253074526130289700
19648320652128295245320597812775266691
5705824290067799905240270992084834879
3199853266926455698340511145833630525
16521306455774113063956192597646719741
16540603620970476583326733656987076237
15816620417011263555200282281784572708
19648320652128295245320597812775266691
16521306455774113063956192597646719741
5141132915028759362193092177559840884
2668459308408716930253074526130289700
16540603620970476583326733656987076237
16521306455774113063956192597646719741
2668459308408716930253074526130289700
15644895533755783162000507721108475478
5705824290067799905240270992084834879
15816620417011263555200282281784572708
16521306455774113063956192597646719741
19648320652128295245320597812775266691
5705824290067799905240270992084834879
3199853266926455698340511145833630525
16521306455774113063956192597646719741
13307832755402070380691831330307733096
15549744187086068583791814428439645018
2668459308408716930253074526130289700
8063843127772637448668874040735783869
3199853266926455698340511145833630525
